{
  "calibration": [
    {
      "T_sensor1_to_sensor2": [
        -0.7891104126593618,
        0.6142367504870402,
        -0.004239219703367336,
        -0.3553723720916019,
        0.0306500519939444,
        0.03248142522119846,
        -0.9990022679295418,
        -0.8842086608576373,
        -0.613486210884434,
        -0.788453024197841,
        -0.04445781919908335,
        -1.038860985892792,
        0,
        0,
        0,
        1
      ],
      "sensor1": "hesai_pandar40p_front_middle",
      "sensor2": "SAIC_around_camera_right"
    },
    {
      "T_sensor1_to_sensor2": [
        -0.7551261015048386,
        -0.6555786946626909,
        -0.001070481417511617,
        0.3747266406357433,
        0.005377696974580355,
        -0.004561442545706077,
        -0.9999751364994787,
        -0.8890331119402222,
        0.6555575117419922,
        -0.7551130831513012,
        0.006969967889664218,
        -1.022457828093002,
        0,
        0,
        0,
        1
      ],
      "sensor1": "hesai_pandar40p_front_middle",
      "sensor2": "SAIC_around_camera_left"
    },
    {
      "T_sensor1_to_sensor2": [
        -0.999925,
        -0.0106826,
        0.00597658,
        0.0123288,
        -0.00982104,
        0.408702,
        -0.912615,
        -0.272833,
        0.00730645,
        -0.912606,
        -0.408776,
        -2.5803,
        0,
        0,
        0,
        1
      ],
      "sensor1": "hesai_pandar40p_front_middle",
      "sensor2": "SAIC_surround_camera_front"
    }
  ],
  "dm_device": {
    "id": "dm100-13",
    "mac": "",
    "name": "dm100",
    "sensors": [
      {
        "name": "openimu",
        "accelerometer_noise_density" : 3.2213097628325457e-01,
        "accelerometer_random_walk" : 1e-4,
        "gyroscope_noise_density" : 4.5025868151233873e-03,
        "gyroscope_random_walk" : 1.6847479032502694e-05,
        "imu_acc_bias": [
          -0.0,
          -0.0,
          -0.0
        ],
        "imu_acc_misalignment": [
          1,
          -0.0,
          -0.0,
          0,
          1,
          0.0,
          0,
          0,
          1
        ],
        "imu_acc_scale": [
          1.0,
          0,
          0,
          0,
          1.0,
          0,
          0,
          0,
          1.0
        ],
        "imu_gyro_bias": [
          -0.0,
          -0.0,
          0.0
        ],
        "imu_gyro_misalignment": [
          1,
          -0.0,
          -0.0,
          0.0,
          1,
          -0.0,
          0.0,
          -0.0,
          1
        ],
        "imu_gyro_scale": [
          0.017453292519943295,
          0,
          0,
          0,
          0.017453292519943295,
          0,
          0,
          0,
          0.017453292519943295
        ],
        "sensor_to_device": [
          1,
          0,
          0,
          0.1,
          0,
          1,
          0,
          -0.53,
          0,
          0,
          1,
          0.7,
          0,
          0,
          0,
          1
        ],
        "topic": "/dm100_imu1",
        "type": "imu"
      },
      {
        "name": "rs16_front_right",
        "type": "lidar",
        "topic": "/rs16_front_right",
        "start_azimuth_angle": 0,
        "sensor_to_device": [
          0.03815138483279504,
          0.9791682914353903,
          0.19942446889394314,
          0.9735912186384957,
          -0.9976237625388482,
          0.025871263391554992,
          0.06382593496770131,
          1.9398985463132494,
          0.05733664901289653,
          -0.20138606743283632,
          0.9778323241284317,
          1.3234255939516828,
          0,
          0,
          0,
          1
        ]
      },
      {
        "name": "hesai_pandar40p_front_middle",
        "type": "lidar",
        "topic": "/hesai_pandar40p_front_middle",
        "start_azimuth_angle": 270,
        "sensor_to_device": [
          -0.9999089142858472,
          -0.013082824775488524,
          -0.0033170510385076416,
          0,
          0.012969289864840512,
          -0.9993971064155148,
          0.03220591884572988,
          1.55,
          -0.0037363956027094036,
          0.032159965550197,
          0.999475750563119,
          2.006388146961907,
          6.9169270818055e-310,
          3.75e-322,
          0,
          1
        ]
      },
      {
        "name": "rs16_front_left",
        "type": "lidar",
        "topic": "/rs16_front_left",
        "start_azimuth_angle": 180,
        "sensor_to_device": [
          0.1332073510284941,
          -0.9723077861774758,
          -0.1886638388044314,
          -0.9768919013250729,
          0.9900522285509322,
          0.12536417919663906,
          0.053023448983542956,
          1.933671997443608,
          -0.02779569006975817,
          -0.19396715278673643,
          0.9805989926468652,
          1.2618045553599582,
          0,
          0,
          0,
          1
        ]
      },
      {
        "name": "SAIC_around_camera_right",
        "type": "camera",
        "topic": "/SAIC_around_camera_right/compressed",
        "width": 1280,
        "height": 960,
        "fov": 92.5,
        "model": "pinhole-directional",
        "distortions": [
          -0.3354,
          0.1083,
          0.00037979,
          0.000033597
        ],
        "intrinsics": [
          820.1942,
          820.1054,
          650.9526,
          492.1239
        ],
        "sensor_to_device": [
          0.780974230385555,
          -0.019219200890455534,
          0.6242674697522066,
          0.9090699999999999,
          -0.6236532840150735,
          -0.07793284414244782,
          0.7778065653754043,
          2.067494852680604,
          0.033702118789533775,
          -0.9967733413976325,
          -0.07284966072738365,
          1.0613286571196583,
          0,
          0,
          0,
          1
        ]
      },
      {
        "name": "SAIC_around_camera_back",
        "type": "camera",
        "topic": "/SAIC_around_camera_back/compressed",
        "width": 1280,
        "height": 960,
        "fov": 92.5,
        "model": "pinhole-directional",
        "distortions": [
          -0.3405,
          0.1133,
          -0.00014637,
          -0.0005901
        ],
        "intrinsics": [
          820.2376,
          820.4554,
          666.8184,
          467.4119
        ],
        "sensor_to_device": [
          -0.9999916944295194,
          0.00038300761906660276,
          -0.004057631962409149,
          0.003985770466710607,
          0.004057077855712149,
          -0.0014365818543767839,
          -0.9999907381330332,
          -0.9297761679741028,
          -0.00038883319214992433,
          -0.9999988947682591,
          0.0014350160310153681,
          0.966944,
          0,
          0,
          0,
          1
        ]
      },
      {
        "name": "SAIC_around_camera_left",
        "type": "camera",
        "topic": "/SAIC_around_camera_left/compressed",
        "width": 1280,
        "height": 960,
        "fov": 92.5,
        "model": "pinhole-directional",
        "distortions": [
          -0.3431,
          0.1192,
          -0.00099087,
          -0.000034377
        ],
        "intrinsics": [
          820.3385,
          820.5899,
          656.8953,
          488.367
        ],
        "sensor_to_device": [
          0.7655894737348028,
          0.02419071617097729,
          -0.6428744566068894,
          -0.922692444559932,
          0.6433291726339041,
          -0.027891151213178283,
          0.7650814723427697,
          2.066394803883062,
          0.0005773600648047439,
          -0.9993182140515298,
          -0.03691576519885138,
          1.042699,
          0,
          0,
          0,
          1
        ]
      },
      {
        "name": "SAIC_surround_camera_front",
        "type": "camera",
        "topic": "/SAIC_surround_camera_front/compressed",
        "width": 1280,
        "height": 960,
        "fov": 190,
        "model": "omini-directional",
        "distortions": [
          0.12126487514143602,
          -0.005807907453767504,
          -0.008281028054886863,
          0.0006052004683444222
        ],
        "intrinsics": [
          0,
          319.29356273386196,
          318.69510843917993,
          641.0299556981902,
          480.0186501730069
        ],
        "sensor_to_device": [
          0.9999203560623783,
          0.011903868228307347,
          0.004192785862607699,
          0.0017385640582233703,
          0.0016414926994346903,
          -0.45206040433065264,
          0.8919858162202605,
          3.7282306004975565,
          0.012513474090127439,
          -0.8919078925301702,
          -0.4520439405728008,
          0.5964842236328878,
          0,
          0,
          0,
          1
        ]
      },
      {
        "name": "SAIC_surround_camera_right",
        "type": "camera",
        "topic": "/SAIC_surround_camera_right/compressed",
        "width": 1280,
        "height": 960,
        "fov": 190,
        "model": "omini-directional",
        "distortions": [
          0.10916068908262747,
          0.000910122161833859,
          -0.012440958622628541,
          0.0014864555407844045
        ],
        "intrinsics": [
          0,
          324.5001087299931,
          323.0230711671328,
          640.8957363884579,
          480.51388265717594
        ],
        "sensor_to_device": [
          0.02246249708174143,
          -0.7146432847450592,
          0.6991283228375497,
          1.0483108776856789,
          -0.9995549453879425,
          -0.02978463214605934,
          0.001669382649663582,
          1.87212166163666,
          0.01963026681835592,
          -0.6988546710559472,
          -0.7149942666678691,
          1.0292191759787104,
          0,
          0,
          0,
          1
        ]
      },
      {
        "name": "SAIC_surround_camera_back",
        "type": "camera",
        "topic": "/SAIC_surround_camera_back/compressed",
        "width": 1280,
        "height": 960,
        "fov": 190,
        "model": "omini-directional",
        "distortions": [
          0.12046050739659159,
          -0.013033493209337315,
          -0.00465457591843902,
          0.00010106712753500679
        ],
        "intrinsics": [
          0,
          322.42582520907905,
          320.2931322694667,
          636.9564739590479,
          479.86576133901315
        ],
        "sensor_to_device": [
          -0.9999335511171904,
          -0.002514548826666353,
          0.01125035085513265,
          -0.03344612992386572,
          -0.010641557368803999,
          0.5766174414083366,
          -0.8169449697014302,
          -0.9603632962185213,
          -0.004432900510018968,
          -0.8170104058749205,
          -0.5766058845391419,
          0.7310785425994039,
          0,
          0,
          0,
          1
        ]
      },
      {
        "name": "SAIC_surround_camera_left",
        "type": "camera",
        "topic": "/SAIC_surround_camera_left/compressed",
        "width": 1280,
        "height": 960,
        "fov": 190,
        "model": "omini-directional",
        "distortions": [
          0.12308319517895507,
          -0.005823453995337008,
          -0.008508802643208246,
          0.000696032167496141
        ],
        "intrinsics": [
          0,
          318.33301429989865,
          314.6613234789029,
          638.8739463349458,
          480.11356210253484
        ],
        "sensor_to_device": [
          0.003762324386619712,
          0.7450735811946869,
          -0.6669716662054952,
          -1.0756663496332386,
          0.9993834279446068,
          -0.026084882239753568,
          -0.023501975836625794,
          1.868362282818403,
          -0.03490857867196851,
          -0.6664720080575499,
          -0.7447123294338828,
          1.0435909804538974,
          0,
          0,
          0,
          1
        ]
      },
      {
        "name": "ublox-f9p",
        "type": "gnss",
        "topic": "/dm100_ublox",
        "sensor_to_device": [
          1,
          0,
          0,
          0,
          0,
          1,
          0,
          0.2,
          0,
          0,
          1,
          1.69,
          0,
          0,
          0,
          1
        ]
      }
    ]
  },
  "vehicle": {
    "dm_device": {
      "attitude": [
        0,
        0,
        0
      ],
      "position": [
        0,
        0,
        0
      ]
    },
    "name": "SAIC_MARVEL",
    "vertices": [
      -0.97,
      3.72,
      0,
      -0.97,
      -0.96,
      0,
      0.97,
      -0.96,
      0,
      0.97,
      3.72,
      0
    ],
    "wheel_speed": {
      "topic": "/dm100_wheel_speed",
      "front_rear_wheel_distance": 2.8,
      "front_wheel_distance": 1.614,
      "rear_wheel_distance": 1.625,
      "axle_height": 0.35,
      "delay": 0,
      "scale": 0.277778
    }
  },
  "comment": "v3 fix a bug of senser to device."
}
