{
  "dm_device": {
    "id": "dm100-13",
    "mac": "",
    "name": "dm100",
    "sensors": [
      {
        "name": "openimu",
        "accelerometer_noise_density": 0.32213097628325454,
        "accelerometer_random_walk": 0.0001,
        "gyroscope_noise_density": 0.0045025868151233875,
        "gyroscope_random_walk": 0.000016847479032502694,
        "imu_acc_bias": [
          0,
          0,
          0
        ],
        "imu_acc_misalignment": [
          1,
          0,
          0,
          0,
          1,
          0,
          0,
          0,
          1
        ],
        "imu_acc_scale": [
          1,
          0,
          0,
          0,
          1,
          0,
          0,
          0,
          1
        ],
        "imu_gyro_bias": [
          0,
          0,
          0
        ],
        "imu_gyro_misalignment": [
          1,
          0,
          0,
          0,
          1,
          0,
          0,
          0,
          1
        ],
        "imu_gyro_scale": [
          0.017453292519943295,
          0,
          0,
          0,
          0.017453292519943295,
          0,
          0,
          0,
          0.017453292519943295
        ],
        "sensor_to_device": [
          1,
          0,
          0,
          0.1,
          0,
          1,
          0,
          -0.53,
          0,
          0,
          1,
          0.7,
          0,
          0,
          0,
          1
        ],
        "topic": "/dm100_imu1",
        "type": "imu"
      },
      {
        "name": "rs16_front_right",
        "type": "lidar",
        "topic": "/rs16_front_right",
        "start_azimuth_angle": 0,
        "sensor_to_device": [
          0.03815138483279504,
          0.9791682914353903,
          0.19942446889394314,
          0.9735912186384957,
          -0.9976237625388482,
          0.025871263391554992,
          0.06382593496770131,
          1.9398985463132494,
          0.05733664901289653,
          -0.20138606743283632,
          0.9778323241284317,
          1.3234255939516828,
          0,
          0,
          0,
          1
        ]
      },
      {
        "name": "hesai_pandar40p_front_middle",
        "type": "lidar",
        "topic": "/hesai_pandar40p_front_middle",
        "start_azimuth_angle": 270,
        "sensor_to_device": [
          -0.9999089142858472,
          -0.013082824775488524,
          -0.0033170510385076416,
          0,
          0.012969289864840512,
          -0.9993971064155148,
          0.03220591884572988,
          1.55,
          -0.0037363956027094036,
          0.032159965550197,
          0.999475750563119,
          2.006388146961907,
          6.9169270818055e-310,
          3.75e-322,
          0,
          1
        ]
      },
      {
        "name": "rs16_front_left",
        "type": "lidar",
        "topic": "/rs16_front_left",
        "start_azimuth_angle": 180,
        "sensor_to_device": [
          0.1332073510284941,
          -0.9723077861774758,
          -0.1886638388044314,
          -0.9768919013250729,
          0.9900522285509322,
          0.12536417919663906,
          0.053023448983542956,
          1.933671997443608,
          -0.02779569006975817,
          -0.19396715278673643,
          0.9805989926468652,
          1.2618045553599582,
          0,
          0,
          0,
          1
        ]
      },
      {
        "name": "SAIC_around_camera_right",
        "type": "camera",
        "topic": "/SAIC_around_camera_right/compressed",
        "width": 1280,
        "height": 960,
        "fov": 92.5,
        "model": "pinhole",
        "distortions": [
          -0.3354,
          0.1083,
          0.00037979,
          0.000033597
        ],
        "intrinsics": [
          820.1942,
          820.1054,
          650.9526,
          492.1239
        ],
        "sensor_to_device": [
          0.785351,
          -0.0275555,
          0.618438,
          0.927549,
          -0.618714,
          -0.0679354,
          0.782673,
          2.03339,
          0.0204469,
          -0.997309,
          -0.070402,
          1.06886,
          0,
          0,
          0,
          1
        ]
      },
      {
        "name": "SAIC_around_camera_back",
        "type": "camera",
        "topic": "/SAIC_around_camera_back/compressed",
        "width": 1280,
        "height": 960,
        "fov": 92.5,
        "model": "pinhole",
        "distortions": [
          -0.3405,
          0.1133,
          -0.00014637,
          -0.0005901
        ],
        "intrinsics": [
          820.2376,
          820.4554,
          666.8184,
          467.4119
        ],
        "sensor_to_device": [
          -0.99992,
          -0.011897,
          -0.00438903,
          -0.00964459,
          0.0044667,
          -0.00650995,
          -0.999969,
          -0.935019,
          0.011868,
          -0.999908,
          0.00656256,
          0.979579,
          0,
          0,
          0,
          1
        ]
      },
      {
        "name": "SAIC_around_camera_left",
        "type": "camera",
        "topic": "/SAIC_around_camera_left/compressed",
        "width": 1280,
        "height": 960,
        "fov": 92.5,
        "model": "pinhole",
        "distortions": [
          -0.3431,
          0.1192,
          -0.00099087,
          -0.000034377
        ],
        "intrinsics": [
          820.3385,
          820.5899,
          656.8953,
          488.367
        ],
        "sensor_to_device": [
          0.768069,
          0.0296205,
          -0.639682,
          -0.935847,
          0.640285,
          -0.0194563,
          0.767891,
          2.02805,
          0.0102994,
          -0.999372,
          -0.0339093,
          1.07833,
          0,
          0,
          0,
          1
        ]
      },
      {
        "name": "SAIC_surround_camera_front",
        "type": "camera",
        "topic": "/SAIC_surround_camera_front/compressed",
        "width": 1280,
        "height": 960,
        "fov": 190,
        "model": "omni-directional",
        "distortions": [
          0.12126487514143602,
          -0.005807907453767504,
          -0.008281028054886863,
          0.0006052004683444222
        ],
        "intrinsics": [
          0,
          319.29356273386196,
          318.69510843917993,
          641.0299556981902,
          480.0186501730069
        ],
        "sensor_to_device": [
          0.999954,
          0.00750036,
          0.00598961,
          0.00517306,
          -0.0020997,
          -0.437974,
          0.898985,
          3.75018,
          0.00936601,
          -0.898956,
          -0.437938,
          0.630997,
          0,
          0,
          0,
          1
        ]
      },
      {
        "name": "SAIC_surround_camera_right",
        "type": "camera",
        "topic": "/SAIC_surround_camera_right/compressed",
        "width": 1280,
        "height": 960,
        "fov": 190,
        "model": "omni-directional",
        "distortions": [
          0.10916068908262747,
          0.000910122161833859,
          -0.012440958622628541,
          0.0014864555407844045
        ],
        "intrinsics": [
          0,
          324.5001087299931,
          323.0230711671328,
          640.8957363884579,
          480.51388265717594
        ],
        "sensor_to_device": [
          0.027253,
          -0.72661,
          0.68651,
          1.03032,
          -0.999623,
          -0.0220973,
          0.0162949,
          1.89187,
          0.00333001,
          -0.686695,
          -0.726938,
          1.05636,
          0,
          0,
          0,
          1
        ]
      },
      {
        "name": "SAIC_surround_camera_back",
        "type": "camera",
        "topic": "/SAIC_surround_camera_back/compressed",
        "width": 1280,
        "height": 960,
        "fov": 190,
        "model": "omni-directional",
        "distortions": [
          0.12046050739659159,
          -0.013033493209337315,
          -0.00465457591843902,
          0.00010106712753500679
        ],
        "intrinsics": [
          0,
          322.42582520907905,
          320.2931322694667,
          636.9564739590479,
          479.86576133901315
        ],
        "sensor_to_device": [
          -0.999934,
          -0.00251455,
          0.0112504,
          -0.0334461,
          -0.0106416,
          0.576617,
          -0.816945,
          -0.910363,
          -0.0044329,
          -0.81701,
          -0.576606,
          0.731079,
          0,
          0,
          0,
          1
        ]
      },
      {
        "name": "SAIC_surround_camera_left",
        "type": "camera",
        "topic": "/SAIC_surround_camera_left/compressed",
        "width": 1280,
        "height": 960,
        "fov": 190,
        "model": "omni-directional",
        "distortions": [
          0.12308319517895507,
          -0.005823453995337008,
          -0.008508802643208246,
          0.000696032167496141
        ],
        "intrinsics": [
          0,
          318.33301429989865,
          314.6613234789029,
          638.8739463349458,
          480.11356210253484
        ],
        "sensor_to_device": [
          0.0123972,
          0.752073,
          -0.658963,
          -1.06241,
          0.999578,
          -0.0266239,
          -0.0115804,
          1.88553,
          -0.0262535,
          -0.658541,
          -0.752086,
          1.03475,
          0,
          0,
          0,
          1
        ]
      },
      {
        "name": "SAIC_pegasus_camera_front_28",
        "type": "camera",
        "topic": "/SAIC_pegasus_camera_front_28/compressed",
        "width": 1920,
        "height": 1208,
        "fov": 28,
        "model": "pinhole",
        "distortions": [
          -0.3222,
          0.1091,
          0.001,
          -0.0026
        ],
        "intrinsics": [
          3826.3,
          3797.7,
          1078.7,
          611.8507
        ],
        "sensor_to_device": [
          0.999938,
          0.0000335058,
          0.0111619,
          0.0617728,
          -0.0111597,
          -0.0170179,
          0.999793,
          2.25445,
          0.000223452,
          -0.999855,
          -0.0170165,
          1.45987,
          0,
          0,
          0,
          1
        ]
      },
      {
        "name": "SAIC_pegasus_camera_front_60",
        "type": "camera",
        "topic": "/SAIC_pegasus_camera_front_60/compressed",
        "width": 1920,
        "height": 1208,
        "fov": 60,
        "model": "pinhole",
        "distortions": [
          -0.4904,
          0.2259,
          0.002,
          -0.0035
        ],
        "intrinsics": [
          1922.2,
          1917.9,
          993.7082,
          601.5158
        ],
        "sensor_to_device": [
          0.999926,
          -0.0119994,
          -0.00190074,
          0.0409079,
          0.00170604,
          -0.0162148,
          0.999867,
          2.1185,
          -0.0120286,
          -0.999797,
          -0.0161931,
          1.46016,
          0,
          0,
          0,
          1
        ]
      },
      {
        "name": "SAIC_pegasus_camera_front_120",
        "type": "camera",
        "topic": "/SAIC_pegasus_camera_front_120/compressed",
        "width": 1920,
        "height": 1208,
        "fov": 120,
        "model": "pinhole",
        "distortions": [
          -0.3374,
          0.1182,
          0.0024,
          0.00096889
        ],
        "intrinsics": [
          974.7524,
          972.8077,
          964.2383,
          596.7608
        ],
        "sensor_to_device": [
          0.999916,
          -0.0101178,
          -0.00814767,
          0.0163403,
          0.0080673,
          -0.00795898,
          0.999936,
          1.92842,
          -0.010182,
          -0.999917,
          -0.00787668,
          1.45852,
          0,
          0,
          0,
          1
        ]
      },
      {
        "name": "SAIC_pegasus_camera_right_front_100",
        "type": "camera",
        "topic": "/SAIC_pegasus_camera_right_front_100/compressed",
        "width": 1920,
        "height": 1208,
        "fov": 100,
        "model": "pinhole",
        "distortions": [
          -0.3443,
          0.1248,
          0.00026341,
          -0.00031893
        ],
        "intrinsics": [
          1137.7,
          1138.1,
          964.2414,
          616.9189
        ],
        "sensor_to_device": [
          -0.706135,
          -0.0739499,
          0.704205,
          0.979201,
          -0.708056,
          0.0814285,
          -0.701446,
          2.24091,
          -0.00547047,
          -0.993932,
          -0.10986,
          0.853591,
          0,
          0,
          0,
          1
        ]
      },
      {
        "name": "SAIC_pegasus_camera_right_rear_100",
        "type": "camera",
        "topic": "/SAIC_pegasus_camera_right_rear_100/compressed",
        "width": 1920,
        "height": 1208,
        "fov": 100,
        "model": "pinhole",
        "distortions": [
          -0.3454,
          0.122,
          0.00018958,
          -0.00020082
        ],
        "intrinsics": [
          1146.9,
          1147.2,
          954.004,
          601.8971
        ],
        "sensor_to_device": [
          0.590695,
          -0.0474995,
          0.805496,
          0.693754,
          -0.80669,
          -0.0122826,
          0.590846,
          -0.148155,
          -0.0181713,
          -0.998796,
          -0.0455727,
          1.28156,
          0,
          0,
          0,
          1
        ]
      },
      {
        "name": "SAIC_pegasus_camera_rear_60",
        "type": "camera",
        "topic": "/SAIC_pegasus_camera_rear_60/compressed",
        "width": 1920,
        "height": 1208,
        "fov": 60,
        "model": "pinhole",
        "distortions": [
          -0.5295,
          0.2949,
          0.003,
          -0.0015
        ],
        "intrinsics": [
          1952.2,
          1946.5,
          965.0274,
          617.2561
        ],
        "sensor_to_device": [
          -0.999756,
          0.000246841,
          0.0220948,
          0.0282305,
          -0.022096,
          -0.00681824,
          -0.999733,
          -0.46043,
          -0.0000961277,
          -0.999977,
          0.00682203,
          1.46251,
          0,
          0,
          0,
          1
        ]
      },
      {
        "name": "SAIC_pegasus_camera_left_front_100",
        "type": "camera",
        "topic": "/SAIC_pegasus_camera_left_front_100/compressed",
        "width": 1920,
        "height": 1208,
        "fov": 100,
        "model": "pinhole",
        "distortions": [
          -0.3449,
          0.1248,
          0.00089884,
          0.00071574
        ],
        "intrinsics": [
          1140.7,
          1139.3,
          963.5128,
          601.4327
        ],
        "sensor_to_device": [
          -0.717705,
          -0.0144544,
          -0.696197,
          -0.965971,
          0.693403,
          0.0770006,
          -0.716424,
          2.28445,
          0.063963,
          -0.996926,
          -0.0452411,
          0.887958,
          0,
          0,
          0,
          1
        ]
      },
      {
        "name": "SAIC_pegasus_camera_left_rear_100",
        "type": "camera",
        "topic": "/SAIC_pegasus_camera_left_rear_100/compressed",
        "width": 1920,
        "height": 1208,
        "fov": 100,
        "model": "pinhole",
        "distortions": [
          -0.3454,
          0.122,
          0.00018958,
          -0.00020082
        ],
        "intrinsics": [
          1146.9,
          1147.2,
          954.004,
          601.8971
        ],
        "sensor_to_device": [
          0.55903,
          0.027933,
          -0.828677,
          -0.726265,
          0.828928,
          -0.041813,
          0.55779,
          -0.12892,
          -0.0190687,
          -0.998735,
          -0.0465292,
          1.29669,
          0,
          0,
          0,
          1
        ]
      },
      {
        "name": "ublox-f9p",
        "type": "gnss",
        "topic": "/dm100_ublox",
        "sensor_to_device": [
          1,
          0,
          0,
          0,
          0,
          1,
          0,
          0.2,
          0,
          0,
          1,
          1.69,
          0,
          0,
          0,
          1
        ]
      }
    ]
  },
  "vehicle": {
    "dm_device": {
      "attitude": [
        0,
        0,
        0
      ],
      "position": [
        0,
        0,
        0
      ]
    },
    "name": "SAIC_MARVEL",
    "vertices": [
      -0.97,
      3.72,
      0,
      -0.97,
      -0.96,
      0,
      0.97,
      -0.96,
      0,
      0.97,
      3.72,
      0
    ],
    "wheel_speed": {
      "topic": "/dm100_wheel_speed",
      "front_rear_wheel_distance": 2.8,
      "front_wheel_distance": 1.614,
      "rear_wheel_distance": 1.625,
      "axle_height": 0.35,
      "delay": 0,
      "scale": 0.00868055
    }
  }
}
